[010309782003, 9502, 95003, 921, 92, 94]
[010315522070, 9402, 91001, 951, 92, 92]
[010310442046, 9301, 93001, 931, 95, 94]
[013230522020, 9303, 91003, 941, 92, 93]
[000000010191, 9301, 93002, 941, 91, 93]
[010319572038, 9203, 95002, 931, 92, 94]
[010318982046, 9302, 94002, 951, 94, 95]
[010310612046, 9501, 92002, 911, 94, 94]
[000000020175, 9402, 94002, 921, 94, 93]
[010310812097, 9302, 92002, 931, 93, 91]
[000000030159, 9401, 95002, 941, 93, 92]
[013121862038, 9203, 94002, 911, 91, 94]
[010316742046, 9203, 93001, 921, 94, 93]
[004528322089, 9402, 93002, 941, 95, 95]
[010320972003, 9303, 95002, 951, 93, 91]
[013118212089, 9101, 92002, 941, 94, 92]
[010315472003, 9202, 93002, 951, 95, 92]
[000000040132, 9301, 91001, 951, 93, 95]
[010315582062, 9502, 91001, 911, 91, 92]
[000000050116, 9502, 93001, 941, 91, 92]
[000000060108, 9302, 95003, 931, 91, 92]
[000000070183, 9502, 91003, 941, 94, 93]
[000000080167, 9203, 92002, 951, 95 ,95]
[000000090141, 9203, 92002, 951, 95 ,95]
[004528342046, 9501, 92001, 941, 91, 91]
[010319992097, 9203, 92002, 951, 95 ,95]
[013228102020, 9203, 92002, 951, 95 ,95]
[013230812062, 9501, 91003, 941, 95, 93]
[010318772011, 9203, 91001, 941, 94, 91]
[004528402097, 9203, 93002, 921, 91, 91]
[004528442011, 9402, 94002, 911, 91, 94]
[010320842097, 9201, 94003, 951, 92, 94]
[013113812003, 9102, 91001, 941, 91, 93]
[012100022011, 9201, 95002, 931, 93, 95]
[012100012038, 9502, 93001, 921, 95, 94]
[010295252097, 9302, 93001, 921, 94, 93]
[004528452003, 9502, 92002, 951, 91, 91]
[000000280116, 9402, 93001, 931, 91, 93]
[010309792097, 9302, 93002, 911, 91, 91]
[004528462089, 9302, 93002, 911, 91, 91]
[010310452020, 9101, 95001, 951, 95, 93]
[010312702062, 9101, 94001, 921, 91, 93]
[010308822020, 9301, 94001, 921, 94, 95]
[010320532097, 9301, 92002, 941, 95, 92]
[010320532097, 9502, 92001, 911, 92, 95]
[010312452054, 9201, 94003, 941, 95, 95]
[010311952054, 9202, 93002, 931, 91, 93]
[000000290191, 9402, 95001, 911, 94, 91]
[000000300124, 9201, 94001, 911, 93, 93]
[010297182097, 9303, 94001, 921, 92, 92]
[010321032097, 9202, 92002, 911, 93, 92]
[008112762020, 9203, 95002, 941, 91, 95]
[013230912038, 9401, 92002, 931, 95, 94]
[010318002038, 9101, 93001, 941, 92, 94]
[010309962097, 9501, 95001, 951, 92, 95]
[010308392038, 9303, 92001, 921, 95, 93]
[010320382054, 9303, 91001, 911, 93, 95]
[010315922062, 9301, 95003, 951, 93, 95]
[010308832003, 9402, 91001, 911, 91, 95]
[010314602011, 9303, 91003, 931, 91, 94]
[004528602038, 9303, 94001, 951, 92, 94]
[010315122089, 9303, 95002, 951, 94, 94]
[003526362046, 9402, 94002, 941, 94, 94]
[000000460191, 9402, 91001, 941, 92, 91]
[013224662020, 9101, 95002, 921, 94, 93]
[010309402038, 9203, 94001, 931, 91, 91]
[004528612011, 9303, 94003, 941, 93, 95]
[010315942020, 9401, 92001, 951, 92, 94]
[003143322054, 9501, 95002, 941, 92, 94]
[010297782020, 9302, 91003, 931, 93, 93]
[010309702054, 9101, 92001, 911, 94, 93]
[000000470175, 9102, 92002, 921, 92, 92]
[004528622003, 9501, 91003, 941, 95, 91]
[000000480159, 9101, 94002, 921, 95, 94]
[010296852097, 9102, 91001, 941, 91, 91]
[010310802003, 9402, 95001, 951, 92, 93]
[004528632089, 9102, 94002, 951, 93, 94]
[010319872054, 9201, 94002, 911, 93, 91]
[012100082003, 9401, 91003, 911, 94, 95]
[010292602089, 9202, 91001, 921, 94, 91]
[010309072011, 9302, 95002, 931, 94, 94]
[010321262089, 9501, 95001, 951, 95, 95]
[010313112070, 9202, 92001, 951, 91, 91]
[004528642062, 9502, 93002, 911, 92, 91]
[006469522038, 9102, 94003, 941, 94, 92]
[010318972062, 9501, 92001, 911, 91, 92]
[013225262003, 9302, 93002, 931, 93, 94]
[013342272046, 9101, 91001, 931, 92, 92]
[004528652046, 9301, 94002, 921, 95, 91]
[010317432003, 9302, 92001, 941, 91, 92]
[010309462020, 9501, 91001, BRANCO, 91, 92]
[000000230108, 9303, 94003, 951, 94, 91]
[010308182003, 9201, 95003, 951, 88, 93]
[010296772089, 9202, 95002, 931, 95, 94]
[013226202070, 9501, 94001, 931, 94, 92]
[013118512003, 9102, 95003, 921, 95, 68]
[010318032089, 9201, 94002, 931, 92, 93]
[010309252003, 9302, 91001, 921, 93, 94]
[003256812020, 9101, 94003, 941, 92, 91]
[003908412003, 9202, 92002, 951, 94, 94]
[004685282089, 9101, 91001, 931, 92, 91]
[010318502003, 9101, 92002, 921, 92, 91]
[000000240183, 9101, 94002, 921, 93, 93]
[010315252003, 9402, 93001, 951, 95, 92]
[010310742062, 9501, 78767, 931, 92, 94]
[011966942070, 7867, 92002, 931, BRANCO, 94]
[010315932046, 7777, 92002, 921, 92, 88]
[010315702054, 9402, 92002, 921, 95, 93]
[004528412070, 9303, 94001, 931, 92, 92]
[010311392046, 9303, 78767, 941, 92, 94]
[004528422054, 9401, 91001, 941, 92, 91]
[013228052062, 9301, 95002, 666, 94, 94]
[010317352003, 9302, 95003, 941, 93, 68]
[010292262089, 6788, 91003, 921, 95, 94]
[013225522097, 9303, 95001, 941, 94, 94]
[000000250167, 9501, 93002, 911, 92, 94]
[010311032038, 9201, 95002, 911, 93, 95]
[001972592062, 9501, 91003, 888, 92, 95]
[000000260141, 9402, 94001, 911, 92, 94]
[013117452097, 9203, 94002, 941, 91, 66]
[000000270124, 9402, 91003, 951, 95, 91]
[010317162038, 9301, 95001, 931, 95, 93]
[004528432038, 9303, 95002, 678, 92, 95]
[004528672003, 9203, 95002, BRANCO, 94, 91]
[010318182062, 9502, 91001, 931, BRANCO, 92]
[006093662038, 9201, 92002, 888, 66, 95]
[010322182038, 9201, 92002, 911, 92, 91
[013230402097, 9501, 93002, 941, 91, 95]
[013226542011, 9502, 95003, 941, 91, 95]
[013227202038, 9501, 94001, 931, 91, 93]
[013121022020, 9303, 95001, 931, 95, BRANCO]
[000000490132, 9301, 94003, 931, 92, 66]
[010292372038, 9302, 94001, 931, 91, 92]
[000000500175, 9302, 94001, 931, 92, 93]
[010315302062, 9502, 94001, 941, 95, 94]
[010316762003, 9502, 91001, 921, 78, BRANCO]
[010310562089, 9301, 95003, 951, 93, 93]
[004528682097, 9102, 94001, 931, 93, 94]
[010321192054, 9502, 91001, 941, 93, 95]
[010320462062, 9502, 94003, 931, 94, 92]
[013229382097, 9402, 94001, 951, 94, 94]
[013117962038, 8888, 93002, 941, 93, 95]
[013230382070, 9101, 95001, 941, 92, 93]
[004528772089, 9402, 88888, 931, 91, 95]
[010311562046, 9201, 77777, 911, 93, 93]
[010314392038, 9402, 66666, 951, 91, 92]
[010315312046, 9101, 94001, 951, 95, BRANCO]
[004528782062, 9502, 94003, 911, 94, 92]
[000000700116, 9401, 94001, 941, 93, 95]
[000000710108, 9202, 93002, 951, 93, 92]
[010309242011, 9101, 92001, 786, 94, 94]
[010318622038, 9502, 91001, 951, 91, 94]
[004528802089, 9202, 91001, 951, 95, 92]
[010309632020, 9101, 91004, 911, 92, 92]
[010312152038, 9302, 91001, 911, 91, 91]
[010318152011, 9102, 91003, 951, 91, 93]
[000000720183, 9502, BRANCO, 921, 91, 91]
[004528812062, 9202, 94002, 931, 92, 94]
[010293992003, 9201, 95002, 911, 91, 94]
[012100282054, 9102, 93002, 911, 95, 92]
[000000730167, 7867, 92002, 921, 93, 95]
[001635352020, 9501, 92001, 941, 91, 94]
[010320102054, 9202, 92001, 931, 92, 91]
[000000730167, 9502, 88888, 911, 91, 92]
[001635352020, BRANCO, 94002, 678, 94, 91]
[010320102054, 9102, 92002, BRANCO, BRANCO, 77]
[010320092011, 9402, 95003, 951, 92, 93]
[000000740141, 9203, 91001, 931, 92, 91]
[010318022003, 9101, 92001, 931, 92, 91]
[000000750124, 9401, 94002, 931, 93, 91]
[010320262011, 6666, 92001, 931, 93, 93]
[000000760116, 9203, 66666, 931, 94, 94]
[013114352020, 9303, 95003, 941, 93, 92]
[000000770191, 9501, 92001, 941, 93, 93]
[010309482097, 9401, 94002, 911, 91, 92]
[004528832020, 9202, 77777, 951, 95, 91]
[010312992046, 9203, 93001, 911, 95, 94]
[000000780175, 9201, 66666, 931, 95, 91]
[010318912070, 9203, 94002, 931, 95, 91]
[010314232070, 9301, 93001, 921, 91, 91]
[010315072011, 9502, 95002, 921, 78, 93]
[000000790159, 9502, 94003, 941, 92, 94]
[004528852097, 9202, 95003, 941, 93, 92]
[004528862070, 9202, 91003, 911, 91, 94]
[004528872054, 9202, 91001, 931, 95, 88]
[007253542003, 9302, 92001, 921, 93, BRANCO]
[010293882046, 9303, 91001, 911, 68, 78]
[010293872062, 9101, 93002, 921, 95, 92]
[000000800191, 6788, 91001, 921, 66, 93]
[010321452046, 9501, 95002, 941, 92, 93]
[010319062097, 9302, 93001, 951, 94, 91]
[010293612020, 9301, 94003, 951, 94, 93]
[013229622011, 9402, 94002, 941, 92, 78]
[010310772003, 9201, 93001, 931, 92, 93]
[010311502054, 9502, 92002, 931, 94, 95]
[000000810175, 9402, 95002, 921, 93, 91]
[010314762089, 9401, 92001, 921, 94, 93]
[013121812020, 9501, 77777, 941, 93, 91]
[004528882038, 9102, 92002, 921, 91, 92]
[004528892011, 9301, 93002, 921, 88, BRANCO]
[010311862062, 9202, 94003, 911, 93, 66]
[010311362003, 9502, 92001, 951, 91, 91]
[010309272062, 7867, 95003, 951, 95, 68]
[010315102011, 9402, 91003, 931, 94, 95]
[010319702003, 9401, 94003, 931, 92, 91]
[013226502097, 9502, 91001, 941, 91, 95]
[000000880141, 9303, 95001, 911, 88, 91]
[000000890124, 6788, 91001, 941, 95, 94]
[010292462020, 9501, 92001, 911, 92, 92]
[010296562054, 7867, 93002, 951, 92, 91]
[013225342003, 9201, 95003, 911, 91, 68]
[013225342003, 9303, 93001, 931, 95, 77]
[004528942089, 9401, 66788, 911, 92, 93]
[010295092070, 9302, 91001, 911, 95, 92]
[010315652097, 9402, 91003, 941, 93, 92]
[000000900167, 7777, 91001, 951, 91, BRANCO]
[010322172054, 9502, 94001, 941, 93, 95]
[000000910141, 9203, 93001, 921, 95, 92]
[000000920124, BRANCO, 95001, 941, 88, 93]
[000000930116, 9201, 66788, 931, 93, 93]
[010294242046, 6788, 91001, 931, 93, 93]
[010319032046, 9402, 94003, 931, 91, 94]
[013229182046, 9203, 94003, 911, 92, 91]
[000000940191, 9101, 92002, 951, 91, 91]
[003809932054, 9301, 94002, 941, 93, 95]
[010292392003, 6666, 91001, 911, 93, 95]
[010295232020, 9301, 92001, 941, 91, 95]
[000000950175, 6788, 91001, 911, 93, 78]
[000000960159, 9102, 66788, 951, 91, 93]
[000000970132, 9201, 95003, 931, 94, 91]